index,0,1,2
26457,0.0504,0.133,0.8166
26458,0.308,0.1836666666666667,0.5083333333333333
26459,0.087,0.14116666666666666,0.7718333333333334
26460,0.07896666666666667,0.0885,0.8325333333333333
26461,0.12113333333333334,0.193,0.6858666666666665
26462,0.05533333333333333,0.10886666666666664,0.8358000000000001
26463,0.384,0.594,0.022
26464,0.047,0.030000000000000006,0.923
26465,0.045,0.12899999999999998,0.826
26466,0.05083333333333333,0.28250000000000003,0.6666666666666667
26467,0.033999999999999996,0.14133333333333334,0.8246666666666667
26468,0.09,0.14550000000000002,0.7645000000000001
26469,0.5753333333333333,0.10697619047619047,0.3176904761904762
26470,0.158,0.263,0.5790000000000001
26471,0.052000000000000005,0.1076285714285714,0.8403714285714285
26472,0.143,0.168,0.6890000000000001
26473,0.030800000000000004,0.07,0.8992000000000001
26474,0.21615,0.7678499999999999,0.016
26475,0.42316666666666664,0.29100000000000004,0.28583333333333333
26476,0.05600000000000001,0.19449999999999998,0.7495
26477,0.13416190476190476,0.193,0.6728380952380952
26478,0.10299999999999998,0.0813,0.8157
26479,0.05033333333333334,0.128,0.8216666666666665
26480,0.05458333333333334,0.13066666666666668,0.8147500000000001
26481,0.04166666666666667,0.4174333333333333,0.5409
26482,0.1315,0.06966666666666667,0.7988333333333333
26483,0.034999999999999996,0.16,0.8049999999999999
26484,0.10933333333333332,0.2046666666666667,0.686
26485,0.022666666666666665,0.048,0.9293333333333333
26486,0.04,0.2336666666666667,0.7263333333333333
26487,0.09083333333333335,0.12466666666666666,0.7844999999999999
26488,0.086,0.8993333333333334,0.014666666666666666
26489,0.002,0.376,0.6220000000000001
26490,0.11574999999999999,0.25233333333333335,0.6319166666666667
26491,0.098,0.1075,0.7945
26492,0.059357142857142865,0.229,0.7116428571428572
26493,0.5780000000000001,0.414,0.008
26494,0.08600000000000001,0.14450000000000002,0.7695
26495,0.086,0.09943333333333335,0.8145666666666667
26496,0.20380000000000004,0.06103333333333334,0.7351666666666666
26497,0.0935,0.5952,0.3113
26498,0.3171428571428571,0.4083333333333333,0.2745238095238095
26499,0.014000000000000002,0.024,0.962
26500,0.10700000000000001,0.258,0.635
26501,0.11399999999999999,0.21783333333333332,0.6681666666666667
26502,0.096,0.144,0.76
26503,0.19733333333333333,0.324,0.4786666666666667
26504,0.12496666666666667,0.21933333333333332,0.6557000000000001
26505,0.08249999999999999,0.0815,0.836
26506,0.152,0.8160000000000001,0.032
26507,0.148,0.8320000000000001,0.02
26508,0.25766666666666665,0.29,0.45233333333333337
26509,0.10566666666666666,0.066,0.8283333333333334
26510,0.018,0.15416666666666665,0.8278333333333332
26511,0.076,0.07866666666666666,0.8453333333333333
26512,0.16607142857142856,0.255,0.5789285714285715
26513,0.0376,0.12383333333333332,0.8385666666666667
26514,0.06,0.10106666666666667,0.8389333333333333
26515,0.1873,0.08713333333333333,0.7255666666666667
26516,0.051533333333333334,0.2981666666666667,0.6503
26517,0.2572,0.7288,0.013999999999999999
26518,0.10766666666666666,0.15350000000000003,0.7388333333333333
26519,0.5094,0.129,0.36160000000000003
26520,0.029833333333333333,0.739,0.23116666666666666
26521,0.0468,0.129,0.8242
26522,0.1263,0.193,0.6807000000000001
26523,0.16799999999999998,0.25566666666666665,0.5763333333333334
26524,0.06713333333333334,0.19327619047619046,0.7395904761904761
26525,0.269,0.1139333333333333,0.6170666666666668
26526,0.10600000000000001,0.11166666666666666,0.7823333333333333
26527,0.075,0.501,0.42400000000000004
26528,0.05929523809523809,0.9307047619047619,0.01
26529,0.366,0.0505,0.5835000000000001
26530,0.081,0.21866666666666665,0.7003333333333334
26531,0.08866666666666667,0.092,0.8193333333333334
26532,0.4926666666666667,0.015,0.4923333333333334
26533,0.0863,0.07916666666666666,0.8345333333333332
26534,0.06,0.14266666666666666,0.7973333333333332
26535,0.05583333333333333,0.12733333333333333,0.8168333333333333
26536,0.096,0.21799999999999997,0.686
26537,0.027999999999999997,0.079,0.893
26538,0.08533333333333334,0.28800000000000003,0.6266666666666667
26539,0.041999999999999996,0.1234,0.8346
26540,0.15266666666666667,0.36133333333333334,0.48599999999999993
26541,0.04000000000000001,0.10800000000000001,0.852
26542,0.0536,0.10899999999999999,0.8373999999999999
26543,0.1398333333333333,0.1395,0.7206666666666667
26544,0.1285,0.12266666666666666,0.7488333333333335
26545,0.10799999999999998,0.23716666666666666,0.6548333333333334
26546,0.056666666666666664,0.19,0.7533333333333333
26547,0.05499999999999999,0.093,0.852
26548,0.155,0.062,0.783
26549,0.299,0.665,0.036
26550,0.055366666666666675,0.3183238095238095,0.6263095238095239
26551,0.064,0.39266666666666666,0.5433333333333332
26552,0.079,0.13516666666666666,0.7858333333333334
26553,0.0956,0.12026666666666666,0.7841333333333333
26554,0.22600000000000003,0.449,0.325
26555,0.148,0.1645,0.6875000000000001
26556,0.033999999999999996,0.08666666666666667,0.8793333333333333
26557,0.14509999999999998,0.09140000000000001,0.7635
26558,0.4840000000000001,0.1105,0.40549999999999997
26559,0.19266666666666668,0.12416666666666668,0.6831666666666667
26560,0.092,0.2284,0.6796
26561,0.10032380952380952,0.12847619047619047,0.7712
26562,0.10083333333333333,0.10033333333333332,0.7988333333333333
26563,0.11533333333333333,0.12466666666666668,0.76
26564,0.046666666666666676,0.09766666666666667,0.8556666666666667
26565,0.06585714285714286,0.6333333333333334,0.30080952380952375
26566,0.15,0.14033333333333334,0.7096666666666667
26567,0.026000000000000002,0.054000000000000006,0.9199999999999999
26568,0.23700000000000002,0.753,0.01
26569,0.054000000000000006,0.16499999999999998,0.7809999999999999
26570,0.17099999999999999,0.3243333333333333,0.5046666666666667
26571,0.087,0.12116666666666667,0.7918333333333334
26572,0.17200000000000001,0.2645666666666666,0.5634333333333335
26573,0.1339952380952381,0.18323809523809523,0.6827666666666667
26574,0.20983333333333332,0.09283333333333334,0.6973333333333332
26575,0.0998,0.1602,0.74
26576,0.06213333333333334,0.0764,0.8614666666666666
26577,0.0955,0.1733333333333333,0.7311666666666665
26578,0.14,0.38,0.4800000000000001
26579,0.23425555555555552,0.7297444444444444,0.036
26580,0.12066666666666667,0.10116666666666667,0.7781666666666667
26581,0.1095,0.18623333333333333,0.7042666666666667
26582,0.05233333333333333,0.07086666666666666,0.8768
26583,0.07666666666666667,0.13199999999999998,0.7913333333333333
26584,0.07,0.21600000000000003,0.7140000000000001
26585,0.08533333333333333,0.5403333333333334,0.37433333333333335
26586,0.19692857142857143,0.33799999999999997,0.4650714285714286
26587,0.11117142857142859,0.4969380952380952,0.3918904761904762
26588,0.034999999999999996,0.0795,0.8855000000000001
26589,0.1197,0.05700000000000001,0.8233
26590,0.04,0.5139095238095238,0.44609047619047615
26591,0.22599999999999998,0.742,0.032
26592,0.2,0.12566666666666665,0.6743333333333333
26593,0.29733333333333334,0.43999999999999995,0.26266666666666666
26594,0.092,0.15599999999999997,0.752
26595,0.0385,0.0645,0.897
26596,0.0621,0.09866666666666667,0.8392333333333333
26597,0.04,0.5934999999999999,0.3665
26598,0.07866666666666666,0.11600000000000002,0.8053333333333335
26599,0.07657142857142858,0.11984285714285714,0.8035857142857143
26600,0.032,0.098,0.8699999999999999
26601,0.054200000000000005,0.20179999999999998,0.744
26602,0.101,0.135,0.764
26603,0.13966666666666666,0.11633333333333333,0.744
26604,0.03858333333333334,0.122,0.8394166666666667
26605,0.072,0.13966666666666666,0.7883333333333333
26606,0.12049999999999998,0.25461904761904763,0.6248809523809523
26607,0.13799999999999998,0.8620000000000001,0.0
26608,0.04,0.10866666666666666,0.8513333333333332
26609,0.07200000000000001,0.152,0.7759999999999999
26610,0.22610000000000002,0.7552333333333333,0.018666666666666665
26611,0.058333333333333334,0.15999999999999998,0.7816666666666665
26612,0.09646666666666667,0.3758333333333333,0.5277000000000001
26613,0.16483333333333333,0.2256333333333333,0.6095333333333334
26614,0.0335,0.10100000000000002,0.8654999999999999
26615,0.12,0.202,0.678
26616,0.093,0.05133333333333333,0.8556666666666667
26617,0.13499999999999998,0.11266666666666666,0.7523333333333333
26618,0.08406666666666666,0.10799999999999998,0.8079333333333333
26619,0.15733333333333333,0.3166666666666666,0.526
26620,0.13319999999999999,0.8628,0.004
26621,0.0485,0.08266666666666668,0.8688333333333332
26622,0.09571428571428571,0.25033333333333335,0.653952380952381
26623,0.018,0.8030333333333333,0.17896666666666666
26624,0.046333333333333324,0.18433333333333335,0.7693333333333333
26625,0.712,0.1265,0.1615
26626,0.14533333333333334,0.14133333333333334,0.7133333333333333
26627,0.057666666666666665,0.078,0.8643333333333334
26628,0.056133333333333334,0.14466666666666667,0.7992000000000001
26629,0.037,0.10900000000000001,0.8540000000000001
26630,0.05399999999999999,0.32666666666666666,0.6193333333333333
26631,0.038,0.09150000000000001,0.8705
26632,0.24299999999999997,0.18133333333333332,0.5756666666666668
26633,0.073,0.16746666666666665,0.7595333333333334
26634,0.11416666666666667,0.06499999999999999,0.8208333333333334
26635,0.05233333333333333,0.21600000000000003,0.7316666666666667
26636,0.065,0.32416666666666666,0.6108333333333333
26637,0.044000000000000004,0.12893333333333334,0.8270666666666667
26638,0.0304,0.726,0.24359999999999998
26639,0.27,0.37533333333333335,0.3546666666666667
26640,0.03833333333333334,0.11400000000000002,0.8476666666666667
26641,0.08683333333333333,0.7205,0.19266666666666668
26642,0.057333333333333326,0.04083333333333333,0.9018333333333333
26643,0.10999999999999999,0.11000000000000001,0.78
26644,0.101,0.11866666666666666,0.7803333333333333
26645,0.0475,0.06342424242424241,0.8890757575757575
26646,0.49783333333333335,0.11623333333333334,0.38593333333333335
26647,0.09366666666666666,0.1085,0.7978333333333334
26648,0.12216666666666667,0.594,0.28383333333333327
26649,0.08313333333333334,0.0928,0.8240666666666666
26650,0.472,0.522,0.006
26651,0.31133333333333335,0.6506666666666666,0.038000000000000006
26652,0.1956,0.152,0.6524
26653,0.09683333333333333,0.078,0.8251666666666667
26654,0.085,0.58,0.335
26655,0.10200000000000001,0.306,0.592
26656,0.07750000000000001,0.11785000000000001,0.80465
26657,0.134,0.18466666666666667,0.6813333333333333
26658,0.08299999999999999,0.213,0.704
26659,0.2066666666666667,0.23172380952380953,0.5616095238095238
26660,0.08199999999999999,0.44700000000000006,0.4709999999999999
26661,0.03816666666666667,0.13633333333333333,0.8254999999999999
26662,0.071,0.26599999999999996,0.663
26663,0.12000000000000002,0.3571666666666667,0.5228333333333334
26664,0.09966666666666667,0.202,0.6983333333333334
26665,0.14303333333333332,0.4366666666666667,0.42029999999999995
26666,0.012,0.742,0.246
26667,0.10299999999999998,0.05386666666666666,0.8431333333333333
26668,0.08566666666666667,0.4968333333333333,0.4175
26669,0.023333333333333334,0.3559333333333334,0.6207333333333332
26670,0.21000000000000002,0.2555,0.5344999999999999
26671,0.0964,0.1256,0.7779999999999999
26672,0.0528,0.1,0.8472
26673,0.15914285714285714,0.19366666666666665,0.6471904761904762
26674,0.3625,0.13766666666666666,0.4998333333333333
26675,0.14833333333333334,0.20246666666666666,0.6492
26676,0.07466666666666667,0.11749999999999998,0.8078333333333333
26677,0.058699999999999995,0.06933333333333333,0.8719666666666667
26678,0.118,0.33599999999999997,0.5459999999999999
26679,0.24566666666666664,0.1615,0.5928333333333333
26680,0.07980000000000001,0.08683333333333335,0.8333666666666666
26681,0.0875,0.1248,0.7877
26682,0.043333333333333335,0.20466666666666664,0.752
26683,0.038,0.267,0.6950000000000001
26684,0.032,0.06306666666666667,0.9049333333333334
26685,0.1953,0.172,0.6327
26686,0.06,0.196,0.744
26687,0.22199999999999998,0.06899999999999999,0.709
26688,0.11200000000000002,0.6230000000000001,0.265
26689,0.0956,0.22923333333333334,0.6751666666666666
26690,0.03853333333333333,0.1288,0.8326666666666668
26691,0.092,0.147,0.7610000000000001
26692,0.026000000000000002,0.259,0.7150000000000001
26693,0.26783333333333326,0.0975,0.6346666666666667
26694,0.547934126984127,0.4440658730158731,0.008
26695,0.1503,0.12466666666666666,0.7250333333333332
26696,0.0268,0.05466666666666666,0.9185333333333332
26697,0.04,0.042333333333333334,0.9176666666666667
26698,0.020999999999999998,0.018,0.961
26699,0.1292,0.31333333333333335,0.5574666666666668
26700,0.064,0.4766666666666667,0.45933333333333337
26701,0.13266666666666665,0.3763666666666666,0.49096666666666666
26702,0.19613333333333333,0.369,0.4348666666666666
26703,0.1525,0.22166666666666668,0.6258333333333332
26704,0.023,0.11750000000000001,0.8594999999999999
26705,0.08383333333333333,0.06820000000000001,0.8479666666666666
26706,0.09466666666666665,0.16566666666666668,0.7396666666666667
26707,0.438,0.092,0.47000000000000003
26708,0.10017460317460317,0.182,0.7178253968253968
26709,0.04633333333333333,0.1145,0.8391666666666667
26710,0.24000000000000005,0.413,0.347
26711,0.1065,0.14950000000000002,0.744
26712,0.044333333333333336,0.20266666666666663,0.753
26713,0.14673333333333333,0.29703333333333337,0.5562333333333334
26714,0.11083333333333334,0.22216666666666668,0.667
26715,0.042333333333333334,0.38,0.5776666666666668
26716,0.068,0.6180000000000001,0.314
26717,0.06133333333333333,0.16357142857142856,0.7750952380952382
26718,0.051000000000000004,0.11413333333333334,0.8348666666666666
26719,0.122,0.233,0.645
26720,0.17149999999999999,0.15599999999999997,0.6725000000000001
26721,0.0478,0.28782380952380954,0.6643761904761906
26722,0.2487333333333334,0.19033333333333333,0.5609333333333334
26723,0.12316666666666667,0.1492,0.7276333333333332
26724,0.1065,0.383,0.5105
26725,0.048,0.184,0.768
26726,0.08973333333333333,0.552,0.3582666666666666
26727,0.062,0.06426666666666667,0.8737333333333334
26728,0.06600000000000002,0.3303,0.6037
26729,0.256,0.194,0.55
26730,0.045,0.3793333333333334,0.5756666666666667
26731,0.044000000000000004,0.14933333333333335,0.8066666666666666
26732,0.1803,0.8017,0.018
26733,0.082,0.06899999999999999,0.849
26734,0.027999999999999997,0.137,0.835
26735,0.06866666666666668,0.13416666666666668,0.7971666666666666
26736,0.06,0.4050000000000001,0.535
26737,0.12860000000000002,0.09966666666666668,0.7717333333333333
26738,0.024,0.074,0.9019999999999999
26739,0.46419999999999995,0.129,0.40679999999999994
26740,0.1,0.135,0.765
26741,0.23266666666666666,0.7333333333333334,0.034
26742,0.07200000000000001,0.15600000000000003,0.772
26743,0.152,0.074,0.7739999999999999
26744,0.1358,0.144,0.7202
26745,0.008333333333333333,0.11600000000000002,0.8756666666666668
26746,0.3118,0.1512,0.537
26747,0.09,0.531,0.37899999999999995
26748,0.238,0.4416666666666666,0.3203333333333333
26749,0.02,0.244,0.736
26750,0.059,0.06333333333333334,0.8776666666666667
26751,0.07933333333333334,0.12916666666666665,0.7915
26752,0.07773333333333333,0.583,0.3392666666666667
26753,0.1423666666666667,0.07710476190476193,0.7805285714285713
26754,0.06000000000000001,0.06999999999999999,0.8699999999999999
26755,0.066,0.09116666666666667,0.8428333333333333
26756,0.14966666666666667,0.08873333333333334,0.7616
26757,0.052000000000000005,0.23399999999999999,0.714
26758,0.35,0.21150000000000002,0.43850000000000006
26759,0.07433333333333333,0.33566666666666667,0.5900000000000001
26760,0.2494,0.24926666666666666,0.5013333333333332
26761,0.048666666666666664,0.15363333333333334,0.7977000000000001
26762,0.09333333333333332,0.15166666666666667,0.7550000000000001
26763,0.06916666666666668,0.14566666666666667,0.7851666666666667
26764,0.07475238095238095,0.15958095238095238,0.7656666666666668
26765,0.06566666666666668,0.07433333333333333,0.86
26766,0.02,0.3992,0.5808
26767,0.14473333333333332,0.22733333333333333,0.6279333333333333
26768,0.03,0.9559999999999998,0.014000000000000002
26769,0.1422857142857143,0.24666666666666667,0.6110476190476191
26770,0.18766666666666668,0.14066666666666666,0.6716666666666666
26771,0.1360333333333333,0.8499666666666666,0.013999999999999999
26772,0.61,0.082,0.308
26773,0.1368333333333333,0.2012,0.6619666666666666
26774,0.16899999999999998,0.18732857142857143,0.6436714285714286
26775,0.032,0.24516666666666667,0.7228333333333333
26776,0.046,0.044000000000000004,0.9099999999999999
26777,0.09866666666666667,0.10233333333333335,0.7989999999999999
26778,0.04533333333333333,0.1,0.8546666666666667
26779,0.10966666666666666,0.10616666666666666,0.7841666666666667
26780,0.10200000000000001,0.1628,0.7352
26781,0.05633333333333333,0.23600000000000004,0.7076666666666667
26782,0.07333333333333332,0.057999999999999996,0.8686666666666667
26783,0.21056666666666665,0.13366666666666666,0.6557666666666666
26784,0.10400000000000001,0.5085000000000001,0.3875
26785,0.05569999999999999,0.20600000000000002,0.7383
26786,0.4981999999999999,0.13649999999999998,0.36530000000000007
26787,0.068,0.06783333333333333,0.8641666666666667
26788,0.22433333333333333,0.29966666666666664,0.476
26789,0.24103333333333335,0.3473,0.41166666666666674
26790,0.06983333333333333,0.41933333333333334,0.5108333333333335
26791,0.0628,0.149,0.7882
26792,0.11016666666666666,0.09333333333333334,0.7965000000000001
26793,0.054000000000000006,0.16103333333333336,0.7849666666666666
26794,0.057999999999999996,0.10963333333333333,0.8323666666666665
26795,0.048,0.30884761904761904,0.643152380952381
26796,0.15,0.834,0.015999999999999997
26797,0.086,0.27423333333333333,0.6397666666666667
26798,0.339,0.2053333333333333,0.45566666666666666
26799,0.048,0.10900000000000001,0.843
26800,0.086,0.892,0.022
26801,0.033,0.5953333333333333,0.3716666666666667
26802,0.08793333333333334,0.05800000000000001,0.8540666666666666
26803,0.059,0.1725,0.7685000000000001
26804,0.08946666666666667,0.14413333333333334,0.7664000000000001
26805,0.046,0.15800000000000003,0.796
26806,0.017999999999999995,0.31499999999999995,0.667
26807,0.07970000000000001,0.10183333333333333,0.8184666666666665
26808,0.06899999999999999,0.198,0.7329999999999999
26809,0.10250000000000001,0.172,0.7255
26810,0.06000000000000001,0.17833333333333332,0.7616666666666667
26811,0.062,0.089,0.849
26812,0.036,0.10066666666666668,0.8633333333333333
26813,0.17216666666666666,0.29733333333333334,0.5305000000000001
26814,0.11100000000000002,0.17990476190476193,0.7090952380952381
26815,0.13599999999999998,0.16716666666666669,0.6968333333333334
26816,0.04,0.483,0.477
26817,0.0945,0.074,0.8314999999999999
26818,0.10833333333333335,0.1555,0.7361666666666666
26819,0.05266666666666666,0.16866666666666666,0.7786666666666668
26820,0.2122,0.7778,0.01
26821,0.119,0.875,0.006
26822,0.10233333333333335,0.12266666666666666,0.7750000000000001
26823,0.0605,0.13033333333333333,0.8091666666666665
26824,0.06433333333333333,0.11000000000000001,0.8256666666666665
26825,0.09733333333333334,0.17600000000000002,0.7266666666666666
26826,0.11666666666666665,0.078,0.8053333333333335
26827,0.041999999999999996,0.1683333333333333,0.7896666666666666
26828,0.09966666666666668,0.11333333333333333,0.7869999999999999
26829,0.05720000000000001,0.0702,0.8726
26830,0.0844,0.12310000000000001,0.7925
26831,0.098,0.12279999999999999,0.7792
26832,0.056723809523809524,0.10466666666666666,0.8386095238095237
26833,0.04716666666666666,0.04633333333333334,0.9065000000000001
26834,0.1,0.158,0.7420000000000001
26835,0.5173333333333334,0.08116666666666666,0.40149999999999997
26836,0.0974,0.5712666666666667,0.3313333333333333
26837,0.11800000000000002,0.08413333333333334,0.7978666666666667
26838,0.08766666666666667,0.4096,0.5027333333333333
26839,0.7,0.08199999999999999,0.21800000000000003
26840,0.29733333333333334,0.1658,0.5368666666666666
26841,0.046000000000000006,0.0882,0.8658000000000001
26842,0.014499999999999999,0.0935,0.892
26843,0.10250000000000001,0.11333333333333333,0.7841666666666667
26844,0.0895,0.5376666666666667,0.37283333333333335
26845,0.3645,0.09749999999999999,0.538
26846,0.0385,0.061424242424242416,0.9000757575757575
26847,0.16526666666666667,0.22536666666666666,0.6093666666666666
26848,0.17099999999999999,0.09516666666666668,0.7338333333333333
26849,0.046000000000000006,0.2573333333333333,0.6966666666666668
26850,0.11986666666666665,0.2642,0.6159333333333334
26851,0.14616666666666667,0.24814285714285714,0.6056904761904762
26852,0.0605,0.37629999999999997,0.5632
26853,0.063,0.10200000000000001,0.835
26854,0.10483333333333333,0.8725000000000002,0.022666666666666665
26855,0.057999999999999996,0.3017666666666666,0.6402333333333333
26856,0.189,0.14353333333333335,0.6674666666666667
26857,0.08773333333333333,0.2263,0.6859666666666666
26858,0.09033333333333333,0.5738000000000001,0.33586666666666665
26859,0.04666666666666667,0.5193333333333333,0.434
26860,0.11533333333333333,0.4833333333333334,0.4013333333333334
26861,0.08946666666666667,0.238,0.6725333333333333
26862,0.08663333333333333,0.23016666666666669,0.6832
26863,0.05600000000000001,0.094,0.85
26864,0.06866666666666667,0.4066666666666666,0.5246666666666666
26865,0.05233333333333333,0.17049999999999998,0.7771666666666666
26866,0.039,0.093,0.868
26867,0.08199999999999999,0.11000000000000001,0.808
26868,0.06100000000000001,0.11099999999999999,0.828
26869,0.034,0.055999999999999994,0.9099999999999999
26870,0.056499999999999995,0.5885333333333332,0.35496666666666665
26871,0.146,0.14733333333333332,0.7066666666666667
26872,0.044,0.1973333333333333,0.7586666666666667
26873,0.0611,0.14536666666666667,0.7935333333333333
26874,0.092,0.4133333333333334,0.4946666666666667
26875,0.038,0.2560142857142857,0.7059857142857143
26876,0.030000000000000006,0.131,0.8390000000000001
26877,0.04813333333333334,0.09666666666666666,0.8552
26878,0.18433333333333332,0.19116666666666665,0.6244999999999999
26879,0.063,0.12000000000000002,0.817
26880,0.39,0.08199999999999999,0.5279999999999999
26881,0.10400000000000001,0.22383333333333333,0.6721666666666668
26882,0.31966666666666665,0.028000000000000004,0.6523333333333333
26883,0.07313333333333333,0.22366666666666668,0.7032
26884,0.059133333333333336,0.5416666666666667,0.3992
26885,0.45899999999999996,0.05533333333333333,0.48566666666666664
26886,0.054000000000000006,0.0975,0.8485000000000001
26887,0.06733333333333333,0.174,0.7586666666666666
26888,0.2701666666666667,0.17970000000000003,0.5501333333333334
26889,0.05666666666666668,0.143,0.8003333333333332
26890,0.074,0.2125,0.7135
26891,0.21100000000000002,0.31866666666666665,0.4703333333333333
26892,0.08933333333333335,0.19799999999999998,0.7126666666666667
26893,0.05,0.146,0.8039999999999999
26894,0.018999999999999996,0.11133333333333333,0.8696666666666667
26895,0.08423809523809524,0.2867619047619048,0.629
26896,0.066,0.264,0.67
26897,0.08600000000000001,0.17833333333333332,0.7356666666666667
26898,0.06133333333333333,0.11399999999999999,0.8246666666666667
26899,0.10300000000000001,0.17666666666666667,0.7203333333333333
26900,0.06966666666666667,0.16033333333333333,0.77
26901,0.08833333333333333,0.12213333333333334,0.7895333333333333
26902,0.023,0.05,0.9269999999999999
26903,0.099,0.22333333333333333,0.6776666666666666
26904,0.186,0.778,0.036000000000000004
26905,0.09333333333333334,0.16949999999999998,0.7371666666666666
26906,0.054000000000000006,0.127,0.819
26907,0.096,0.124,0.7799999999999999
26908,0.012,0.284,0.704
26909,0.07316666666666667,0.56,0.36683333333333334
26910,0.1645,0.31999999999999995,0.5155000000000001
26911,0.11660000000000001,0.094,0.7894
26912,0.06200000000000001,0.14100000000000001,0.7969999999999999
26913,0.23666666666666664,0.092,0.6713333333333333
26914,0.06753333333333333,0.19935714285714284,0.7331095238095238
26915,0.098,0.1725,0.7295
26916,0.25716666666666665,0.7080333333333333,0.0348
26917,0.072,0.168,0.76
26918,0.07300000000000001,0.19166666666666665,0.7353333333333334
26919,0.6699999999999999,0.17320000000000002,0.1568
26920,0.0635,0.22233333333333333,0.7141666666666666
26921,0.028000000000000004,0.6425666666666666,0.32943333333333336
26922,0.14800000000000002,0.4819333333333334,0.37006666666666665
26923,0.06616666666666667,0.12316666666666667,0.8106666666666668
26924,0.06999999999999999,0.045,0.885
26925,0.05606666666666667,0.09226666666666666,0.8516666666666668
26926,0.146,0.2866666666666666,0.5673333333333334
26927,0.065,0.22366666666666662,0.7113333333333334
26928,0.06200000000000001,0.93,0.008
26929,0.0425,0.2165,0.7409999999999999
26930,0.049,0.5566666666666668,0.3943333333333333
26931,0.2975,0.6905,0.012
26932,0.069,0.47520000000000007,0.4558
26933,0.5065000000000001,0.10566666666666666,0.3878333333333333
26934,0.12200000000000003,0.1125,0.7655
26935,0.065,0.1001,0.8349
26936,0.039933333333333335,0.17006666666666667,0.79
26937,0.097,0.292,0.611
26938,0.318,0.644,0.038
26939,0.19650000000000004,0.7715,0.032
26940,0.193,0.17046666666666666,0.6365333333333334
26941,0.045200000000000004,0.10550000000000001,0.8493
26942,0.16533333333333336,0.16766666666666669,0.667
26943,0.06333333333333332,0.39239999999999997,0.5442666666666667
26944,0.0925,0.13099999999999998,0.7765000000000001
26945,0.0635,0.6896666666666667,0.24683333333333338
26946,0.03333333333333333,0.132,0.8346666666666668
26947,0.05800000000000001,0.32999999999999996,0.612
26948,0.0895,0.15033333333333335,0.7601666666666667
26949,0.17377777777777775,0.088,0.7382222222222222
26950,0.072,0.06266666666666668,0.8653333333333334
26951,0.6610333333333334,0.20329999999999998,0.13566666666666666
26952,0.1320952380952381,0.1911904761904762,0.6767142857142856
26953,0.024,0.06983333333333333,0.9061666666666668
26954,0.049,0.15600000000000003,0.795
26955,0.09459999999999999,0.44399999999999995,0.4614
26956,0.08380000000000001,0.178,0.7382
26957,0.575,0.08810000000000001,0.33690000000000003
26958,0.292,0.205,0.5029999999999999
26959,0.06799999999999999,0.164,0.768
26960,0.089,0.16876666666666668,0.7422333333333333
26961,0.06420000000000001,0.10426666666666666,0.8315333333333333
26962,0.06386666666666665,0.5394666666666668,0.3966666666666666
26963,0.26783333333333326,0.0975,0.6346666666666667
26964,0.058800000000000005,0.19083333333333333,0.7503666666666666
26965,0.07066666666666666,0.19783333333333336,0.7315
26966,0.066,0.264,0.67
26967,0.061,0.1264,0.8126000000000001
26968,0.10699999999999998,0.256,0.6369999999999999
26969,0.04833333333333333,0.11233333333333333,0.8393333333333335
26970,0.08320000000000001,0.15313333333333332,0.7636666666666667
26971,0.058666666666666666,0.19,0.7513333333333333
26972,0.16899999999999998,0.5479999999999999,0.283
26973,0.096,0.136,0.768
26974,0.09666666666666666,0.07809523809523808,0.8252380952380953
26975,0.093,0.093,0.8140000000000001
26976,0.20299999999999999,0.769,0.028000000000000004
26977,0.14700000000000002,0.21799999999999997,0.635
26978,0.06200000000000001,0.269,0.669
26979,0.13696666666666668,0.3119666666666666,0.5510666666666666
26980,0.09753333333333333,0.14066666666666666,0.7618
26981,0.037333333333333336,0.44666666666666666,0.516
26982,0.12333333333333334,0.21966666666666662,0.657
26983,0.06969523809523809,0.183,0.7473047619047619
26984,0.068,0.17200000000000001,0.76
26985,0.1044,0.37296666666666667,0.5226333333333334
26986,0.0705,0.032,0.8975
26987,0.024,0.7739999999999999,0.20200000000000004
26988,0.10186666666666666,0.5067999999999999,0.3913333333333333
26989,0.16699999999999998,0.17061746031746033,0.6623825396825397
26990,0.08066666666666666,0.06266666666666666,0.8566666666666667
26991,0.06999999999999999,0.08033333333333334,0.8496666666666666
26992,0.121,0.3863095238095238,0.4926904761904762
26993,0.029000000000000005,0.08700000000000001,0.884
26994,0.21000000000000002,0.1585,0.6315
26995,0.09133333333333334,0.199,0.7096666666666668
26996,0.064,0.17446666666666666,0.7615333333333333
26997,0.24133333333333332,0.3607,0.3979666666666667
26998,0.11733333333333333,0.179,0.7036666666666667
26999,0.27886666666666665,0.10966666666666666,0.6114666666666667
27000,0.088,0.3406666666666667,0.5713333333333334
27001,0.06999999999999999,0.4373666666666667,0.49263333333333337
27002,0.035,0.23503333333333334,0.7299666666666667
27003,0.154,0.20900000000000002,0.6370000000000001
27004,0.10400000000000001,0.11666666666666667,0.7793333333333334
27005,0.086,0.5053571428571428,0.4086428571428572
27006,0.08399999999999999,0.062,0.8539999999999999
27007,0.099,0.45499999999999996,0.446
27008,0.1992,0.187,0.6138
27009,0.06733333333333333,0.24633333333333338,0.6863333333333334
27010,0.08873333333333333,0.2956666666666667,0.6155999999999999
27011,0.2546666666666667,0.5305,0.21483333333333335
27012,0.044,0.046,0.9099999999999999
27013,0.2373333333333333,0.20406666666666667,0.5586
27014,0.026000000000000002,0.6606666666666667,0.31333333333333335
27015,0.10300000000000001,0.29766666666666663,0.5993333333333333
27016,0.06333333333333332,0.10650000000000001,0.8301666666666666
27017,0.05800000000000001,0.099,0.843
27018,0.15013333333333334,0.12286666666666665,0.7270000000000001
27019,0.09466666666666665,0.2766666666666667,0.6286666666666667
27020,0.03783333333333333,0.5119285714285714,0.4502380952380952
27021,0.04483333333333333,0.45933333333333337,0.49583333333333324
27022,0.092,0.17916666666666667,0.7288333333333333
27023,0.10600000000000001,0.3763333333333333,0.5176666666666667
27024,0.136,0.13233333333333333,0.7316666666666667
27025,0.0834,0.044000000000000004,0.8725999999999999
27026,0.05983333333333333,0.164,0.7761666666666667
27027,0.05700000000000001,0.03133333333333334,0.9116666666666667
27028,0.23899999999999996,0.1547,0.6063000000000001
27029,0.05466666666666666,0.1283,0.8170333333333334
27030,0.018800000000000004,0.43165714285714285,0.5495428571428571
27031,0.5124666666666666,0.2012,0.28633333333333333
27032,0.119,0.14465,0.7363500000000001
27033,0.09803333333333333,0.057999999999999996,0.8439666666666668
27034,0.146,0.17200000000000001,0.6820000000000002
27035,0.45533333333333337,0.09983333333333333,0.4448333333333333
27036,0.058333333333333334,0.06716666666666667,0.8744999999999999
27037,0.22300000000000003,0.12866666666666665,0.6483333333333332
27038,0.036000000000000004,0.23200000000000004,0.732
27039,0.42299999999999993,0.136,0.44099999999999995
27040,0.08486666666666667,0.0956,0.8195333333333334
27041,0.08003333333333332,0.04436666666666667,0.8756
27042,0.21740714285714285,0.7725928571428572,0.01
27043,0.10046666666666666,0.1300952380952381,0.7694380952380953
27044,0.034,0.05166666666666666,0.9143333333333334
27045,0.06506666666666666,0.072,0.8629333333333331
27046,0.074,0.119,0.807
27047,0.16640000000000002,0.26459999999999995,0.5690000000000001
27048,0.33483333333333337,0.6545000000000001,0.010666666666666666
27049,0.11800000000000002,0.5698000000000001,0.31220000000000003
27050,0.09453333333333333,0.1355,0.7699666666666667
27051,0.05366666666666666,0.2936333333333333,0.6527
27052,0.044,0.08299999999999999,0.873
27053,0.066,0.21800000000000003,0.716
27054,0.10733333333333332,0.14983333333333332,0.7428333333333332
27055,0.19706666666666667,0.7889333333333333,0.014000000000000002
27056,0.14150000000000001,0.8504999999999999,0.008
27057,0.0316,0.2915,0.6769
27058,0.24833333333333335,0.382,0.3696666666666667
27059,0.14266666666666666,0.1544,0.7029333333333334
27060,0.12,0.3529999999999999,0.527
27061,0.5391333333333332,0.127,0.33386666666666664
27062,0.19253333333333333,0.12446666666666668,0.683
27063,0.10466666666666666,0.18,0.7153333333333334
27064,0.0193,0.03436666666666667,0.9463333333333332
27065,0.17786666666666667,0.2756333333333333,0.5465
27066,0.09553333333333333,0.087,0.8174666666666667
27067,0.15200000000000002,0.08739999999999999,0.7605999999999999
27068,0.5580666666666667,0.0516,0.3903333333333333
27069,0.048,0.11933333333333333,0.8326666666666667
27070,0.04,0.08683333333333335,0.8731666666666665
27071,0.083,0.10800000000000001,0.8089999999999999
27072,0.046000000000000006,0.3,0.654
27073,0.0414952380952381,0.1365,0.8220047619047619
27074,0.05800000000000001,0.5013333333333334,0.44066666666666665
27075,0.14556190476190473,0.20420000000000002,0.6502380952380953
27076,0.1796666666666667,0.1105,0.7098333333333333
27077,0.06866666666666668,0.06266666666666668,0.8686666666666667
27078,0.024,0.055200000000000006,0.9208000000000001
27079,0.036,0.17320000000000005,0.7908000000000001
27080,0.03196666666666667,0.72,0.24803333333333333
27081,0.082,0.08199999999999999,0.836
27082,0.07656666666666666,0.10200000000000001,0.8214333333333332
27083,0.08499999999999999,0.09666666666666666,0.8183333333333334
27084,0.09646666666666667,0.34800000000000003,0.5555333333333333
27085,0.072,0.07200000000000001,0.8559999999999999
27086,0.1961,0.20666666666666664,0.5972333333333333
27087,0.05583333333333333,0.22623333333333334,0.7179333333333334
27088,0.06033333333333333,0.10400000000000001,0.8356666666666668
27089,0.057999999999999996,0.13,0.812
27090,0.04900000000000001,0.1045,0.8465
27091,0.12,0.5073333333333333,0.37266666666666665
27092,0.20750000000000002,0.7537,0.0388
27093,0.1338,0.45499999999999996,0.4112
27094,0.2136,0.1,0.6864000000000001
27095,0.034,0.045,0.921
27096,0.093,0.3752,0.5317999999999999
27097,0.13204761904761905,0.5619999999999999,0.3059523809523809
27098,0.1119,0.20216666666666666,0.6859333333333332
27099,0.0465,0.04816666666666666,0.9053333333333333
27100,0.08149999999999999,0.11800000000000002,0.8004999999999999
27101,0.10673333333333335,0.195,0.6982666666666667
27102,0.012,0.13316666666666668,0.8548333333333332
27103,0.022000000000000002,0.195,0.783
27104,0.17266666666666666,0.0625,0.7648333333333334
27105,0.06166666666666667,0.07620000000000002,0.8621333333333332
27106,0.06,0.07783333333333334,0.8621666666666666
27107,0.09096666666666667,0.154,0.7550333333333333
27108,0.07766666666666666,0.09999999999999999,0.8223333333333332
27109,0.1357047619047619,0.202,0.662295238095238
27110,0.09380952380952381,0.07566666666666666,0.8305238095238096
27111,0.0685,0.13699999999999998,0.7945
27112,0.6234999999999999,0.054000000000000006,0.3225
27113,0.030000000000000006,0.089,0.881
27114,0.166,0.11233333333333333,0.7216666666666667
27115,0.20633333333333334,0.3528,0.44086666666666663
27116,0.12119999999999997,0.2616333333333333,0.6171666666666666
27117,0.072,0.556,0.372
27118,0.048,0.1056,0.8464
27119,0.05463333333333333,0.742,0.2033666666666667
27120,0.188,0.8039999999999999,0.008
27121,0.14120000000000002,0.8308,0.028000000000000004
27122,0.15033333333333335,0.17863333333333334,0.6710333333333333
27123,0.12438333333333333,0.137,0.7386166666666666
27124,0.42066666666666663,0.18539999999999998,0.39393333333333336
27125,0.06999999999999999,0.10266666666666666,0.8273333333333334
27126,0.05600000000000001,0.1519333333333333,0.7920666666666667
27127,0.25949999999999995,0.11950000000000002,0.621
27128,0.09636666666666667,0.17863333333333328,0.725
27129,0.14370952380952381,0.043666666666666666,0.8126238095238094
27130,0.052666666666666674,0.07849999999999999,0.8688333333333332
27131,0.42363333333333336,0.07733333333333334,0.4990333333333334
27132,0.16599999999999998,0.10600000000000001,0.728
27133,0.06799999999999999,0.4013333333333334,0.5306666666666666
27134,0.058333333333333334,0.3575,0.5841666666666667
27135,0.21069999999999997,0.7653000000000001,0.023999999999999997
27136,0.086,0.5416666666666666,0.3723333333333333
27137,0.039,0.11300000000000002,0.8479999999999999
27138,0.386,0.19249999999999998,0.4215
27139,0.041,0.13999999999999999,0.8190000000000002
27140,0.284,0.11300000000000002,0.603
27141,0.07300000000000001,0.1993333333333333,0.7276666666666667
27142,0.47919999999999996,0.168,0.3528
27143,0.07050000000000001,0.09133333333333334,0.8381666666666667
27144,0.1,0.05,0.85
27145,0.397,0.18966666666666665,0.4133333333333333
27146,0.04,0.07806666666666667,0.8819333333333332
27147,0.09533333333333333,0.11800000000000002,0.7866666666666666
27148,0.042800000000000005,0.15066666666666667,0.8065333333333333
27149,0.052500000000000005,0.3344666666666667,0.6130333333333333
27150,0.06333333333333332,0.079,0.8576666666666666
27151,0.074,0.16706666666666667,0.7589333333333333
27152,0.22400000000000003,0.06400000000000002,0.712
27153,0.03,0.142,0.8280000000000001
27154,0.06066666666666667,0.39849999999999997,0.5408333333333333
27155,0.066,0.21706666666666666,0.7169333333333333
27156,0.12316666666666667,0.16966666666666666,0.7071666666666666
27157,0.08580000000000002,0.13176666666666667,0.7824333333333333
27158,0.053000000000000005,0.08033333333333333,0.8666666666666668
27159,0.028466666666666668,0.08066666666666666,0.8908666666666667
27160,0.054000000000000006,0.11000000000000001,0.836
27161,0.41400000000000003,0.07066666666666668,0.5153333333333333
27162,0.06446666666666667,0.3710380952380953,0.564495238095238
27163,0.11399999999999999,0.066,0.82
27164,0.026000000000000002,0.163,0.8109999999999999
27165,0.07,0.08520000000000001,0.8447999999999999
27166,0.07833333333333334,0.11399999999999999,0.8076666666666666
27167,0.041999999999999996,0.14500000000000002,0.813
27168,0.1307,0.2205,0.6487999999999999
27169,0.0595,0.1385,0.8019999999999999
27170,0.1958666666666667,0.1478,0.6563333333333334
27171,0.09466666666666668,0.2640095238095238,0.6413238095238094
27172,0.016,0.04,0.944
27173,0.053000000000000005,0.17053333333333334,0.7764666666666666
27174,0.10699999999999998,0.2969333333333333,0.5960666666666667
27175,0.3204380952380953,0.048,0.6315619047619048
27176,0.08983333333333332,0.18933333333333335,0.7208333333333334
27177,0.07066666666666667,0.27116666666666667,0.6581666666666667
27178,0.10266666666666666,0.23000000000000004,0.6673333333333333
27179,0.042,0.08366666666666665,0.8743333333333332
27180,0.08049999999999999,0.0865,0.833
27181,0.25399999999999995,0.06999999999999999,0.6759999999999999
27182,0.06116666666666666,0.09516666666666668,0.8436666666666668
27183,0.074,0.06,0.866
27184,0.119,0.0928,0.7882
27185,0.0995,0.15836666666666668,0.7421333333333333
27186,0.05133333333333333,0.2518666666666667,0.6968
27187,0.042,0.131,0.827
27188,0.03133333333333334,0.135,0.8336666666666666
27189,0.02,0.10200000000000001,0.8779999999999999
27190,0.19816666666666666,0.08233333333333334,0.7194999999999999
27191,0.3522,0.6421333333333333,0.005666666666666667
27192,0.13199999999999998,0.09533333333333334,0.7726666666666666
27193,0.051500000000000004,0.091,0.8574999999999999
27194,0.20550000000000002,0.123,0.6715
27195,0.0455,0.05600000000000001,0.8985
27196,0.03666666666666667,0.10096666666666668,0.8623666666666667
27197,0.14166666666666666,0.19833333333333333,0.6599999999999999
27198,0.012,0.014000000000000002,0.974
27199,0.09230000000000001,0.08769999999999999,0.82
27200,0.033666666666666664,0.7133333333333333,0.253
27201,0.05433333333333333,0.12866666666666668,0.817
27202,0.028000000000000004,0.08600000000000001,0.8859999999999999
27203,0.077,0.10233333333333332,0.8206666666666667
27204,0.4120000000000001,0.17049999999999998,0.4175000000000001
27205,0.09230000000000001,0.1452,0.7625
27206,0.03166666666666666,0.121,0.8473333333333333
27207,0.044000000000000004,0.16099999999999998,0.795
27208,0.154,0.11000000000000001,0.736
27209,0.23565714285714287,0.128,0.6363428571428571
27210,0.0695,0.147,0.7835
27211,0.08480000000000001,0.2772,0.6379999999999999
27212,0.033999999999999996,0.04666666666666666,0.9193333333333333
27213,0.096,0.11033333333333332,0.7936666666666666
27214,0.08506666666666665,0.269,0.6459333333333334
27215,0.1414,0.1736,0.6849999999999999
27216,0.029666666666666664,0.025,0.9453333333333334
27217,0.5266666666666667,0.11333333333333333,0.36
27218,0.10728571428571428,0.2678333333333333,0.6248809523809523
27219,0.11933333333333333,0.14166666666666666,0.739
27220,0.045,0.41966666666666663,0.5353333333333333
27221,0.42200000000000004,0.20716666666666667,0.3708333333333333
27222,0.48179999999999995,0.5002,0.018000000000000002
27223,0.1085,0.1797,0.7118
27224,0.183,0.3723333333333333,0.44466666666666665
27225,0.06333333333333332,0.05891666666666667,0.87775
27226,0.48533333333333334,0.4921666666666667,0.0225
27227,0.27133333333333337,0.7266666666666667,0.002
27228,0.048,0.47400000000000003,0.4779999999999999
27229,0.086,0.213,0.701
27230,0.3701047619047619,0.11520000000000001,0.5146952380952381
27231,0.05566666666666668,0.09433333333333334,0.85
27232,0.144,0.27999999999999997,0.5760000000000001
27233,0.24733333333333332,0.3948,0.35786666666666667
